.Random.seed <-
c(403L, 10L, 1779348364L, 243155554L, 2125379133L, -386869065L, 
2134533982L, 1296738968L, -1999259141L, -756653159L, 789920808L, 
569158870L, 1129929041L, 1633826819L, -95395950L, 794152228L, 
1533019111L, -242706371L, -1087207756L, 491818266L, -218014107L, 
-489819393L, 433842054L, -1302603504L, 635087283L, -1044188591L, 
-1424907776L, -366854434L, 521532713L, -1971783461L, -1884274710L, 
-470294644L, 1292619983L, 2060505221L, -1998556356L, 2057800210L, 
-1762868979L, -349533625L, 1284280366L, -601823864L, 1494252683L, 
41621097L, 270748216L, -842622234L, -682232191L, -851371501L, 
52649410L, 1770395252L, 644622455L, 285624685L, 525413892L, -1928176342L, 
1431403157L, -1040871121L, 70083638L, 209305696L, 612214435L, 
180380097L, 437312944L, -896625458L, 97616441L, 440505419L, 1569191418L, 
775680252L, 2003838271L, 1708153365L, 228176172L, -738221566L, 
660435165L, -1455782953L, 126828222L, 742115576L, -2139326757L, 
1059081529L, 51599496L, 380067894L, -397355919L, -800842077L, 
831706098L, -1968855228L, -1013356537L, -898759203L, 1842119380L, 
-978203142L, -712875707L, -1024006753L, -500721882L, -1546094672L, 
890704979L, 340627313L, -1918220640L, 1244555838L, -1750154935L, 
-599228421L, 1851007946L, 1350974764L, -556904145L, -1960083483L, 
-792043876L, 2114366194L, 1533660013L, -1221774169L, 1101180622L, 
1522353192L, -231860181L, 1996020297L, -346885288L, -970654202L, 
-583088159L, -742681229L, -1109197342L, 200192340L, 1853636695L, 
1994853453L, -1503428636L, 1614564810L, 222630965L, 522875535L, 
-1006228586L, -124864704L, -1266902525L, -1993457631L, -997512432L, 
-174962450L, -1262163815L, 1180015915L, -155954150L, -2123577636L, 
1697165023L, -716879691L, 1913749068L, 1259659938L, -2066028035L, 
-1900698889L, 1108329502L, -1074442536L, 538866235L, -1825976359L, 
-1573317272L, -875535210L, -166747631L, 1832508355L, -125270062L, 
1365652068L, -1386491481L, -147542275L, 1656085236L, -749539878L, 
1538335013L, -275728321L, 994031558L, 1788283984L, 188768371L, 
1602221201L, -954972992L, 320964254L, 1934654057L, -741541221L, 
-489162838L, -1784011828L, 1391214223L, -1410933051L, -594995588L, 
1564736210L, 574623309L, 22586119L, 946161390L, -2068847672L, 
-175352629L, 1673923881L, 183156088L, -1841937754L, 440722625L, 
-226314925L, -1009700350L, 1889610548L, -1450686281L, 212668589L, 
1863208388L, 465321450L, 1621353045L, 169298927L, 960637942L, 
445103392L, -1894919453L, -369572991L, 224613872L, -1333990258L, 
-1312746503L, 610316683L, 897871290L, -1537772356L, -331552769L, 
-1794194091L, 604821100L, -1961876798L, 1258448157L, -980837481L, 
1954156286L, -1631228744L, 1824554651L, -858379015L, -673575352L, 
2141088118L, -733704015L, 944571619L, 1166234546L, 1968745476L, 
-372658361L, 176924189L, 251591828L, -1123455942L, 1579648645L, 
-2053867681L, -32778266L, -1052927376L, 271969683L, -1515316687L, 
1995561184L, -97816194L, -2128284663L, 948581435L, -1209230838L, 
-1936907796L, 1994585711L, -305137243L, 1719435612L, 1137925426L, 
1145488429L, -1744815600L, 1884916460L, -197211820L, -346963694L, 
-1983824480L, 1042094796L, 1348304480L, -472637502L, -2080063704L, 
2019348396L, -1332268228L, 1416137074L, 1432042288L, 671925540L, 
-1378100424L, -948283686L, 98721680L, 117092092L, 1157530516L, 
-1156466622L, -282909440L, -102218692L, -433192624L, -2137782110L, 
1245796680L, -872380660L, -1056099620L, -14684846L, 60144768L, 
-679493548L, -1904994328L, 7069946L, 1748208464L, 89808684L, 
2024905076L, -26686574L, -255874976L, -1022515828L, -2087142560L, 
1230670306L, -1212535896L, -562840372L, 796194812L, -1823742542L, 
-2025779728L, 1969863620L, -99312296L, 1106522490L, -603731024L, 
-1962278468L, -158201772L, -1311641662L, -71469024L, 430692540L, 
-1071119792L, 2071694306L, -1952896920L, -1350321076L, -473745156L, 
1043758066L, -1098966784L, 1836499316L, -274463736L, 656572346L, 
-1727000112L, -1112499220L, -1425688172L, -938606126L, -584265376L, 
791965516L, 1068869920L, 1972311938L, -1965437208L, 2023170284L, 
1100047420L, -691307662L, -968145296L, -1961128924L, 575488824L, 
-1843544934L, -627127600L, -203022148L, 1680957076L, -1317720446L, 
131610816L, -563406020L, -1650283376L, 1638465058L, 342687752L, 
648905996L, 1230529692L, -19227118L, -1336135808L, 826680852L, 
1688814120L, -457454278L, 722559440L, 255941740L, -1767507660L, 
-374411630L, -1552583840L, 1834459980L, 1998190560L, 1130330018L, 
1532786600L, -655798900L, 341225660L, -593989262L, 1924721904L, 
1071525956L, -184428200L, 572890682L, 1826462576L, 1068013628L, 
-1152420076L, 19684802L, 1470714592L, -271765636L, 1164173008L, 
-810430302L, 1696842792L, -1465826036L, 716492732L, 1964405042L, 
1137095104L, -400549324L, -1433619512L, -811102022L, -810088048L, 
201386476L, 1732008532L, -997594990L, -680212704L, -1285574196L, 
-1411349024L, -453028158L, 243817512L, -85386580L, 1001002172L, 
1936564722L, 797663536L, 970235044L, 1827065528L, -1004556966L, 
-671806064L, -643171460L, -479985388L, -1071180990L, -680416512L, 
117020604L, -1675557040L, 499757858L, 1800566088L, 1055326732L, 
-350398372L, -1277430574L, 396780032L, -1124772524L, -1158995480L, 
-1361949702L, 779030736L, 1587318060L, -1874836748L, 1714516370L, 
-1553349536L, -1030484724L, 459719392L, 1087246690L, -1059358040L, 
-718675380L, -1289361028L, -1842373326L, 1154400368L, 2031198020L, 
10147288L, 1247026298L, -1309946320L, 202019516L, -903047340L, 
1689482306L, -1876599392L, 1739049660L, 1185665488L, -2029169310L, 
-1101152280L, -1701396532L, 2145953532L, 1559820786L, -90836864L, 
-2093703948L, 1931542152L, -2116079814L, -2106901680L, -1698292116L, 
-1269057388L, -91100846L, -631351584L, -2125669684L, -2143932256L, 
-471983230L, 1160909544L, 666006252L, 958319676L, 1895098994L, 
-2145811344L, 1120812580L, 1272953912L, 66258970L, -1284048176L, 
-939865028L, -216906604L, -1555850110L, 448561088L, -25644740L, 
-1847600496L, -746101726L, -682982392L, -1923020660L, 283816988L, 
718909074L, 680674432L, -1840574444L, -924984024L, -1144443334L, 
-344421168L, 855049324L, -783473996L, -1202450203L, -36115198L, 
-1111580816L, 1142013721L, -261892341L, -1088539652L, 576163882L, 
1979202655L, -1962773527L, -858997506L, -1203276564L, -413194179L, 
212786183L, -589658128L, -771345522L, 1279816123L, 1874653085L, 
-215827126L, 1513502056L, 756570961L, -968959933L, 281264452L, 
-306382350L, 711977927L, 1117019537L, 1034211606L, -1040227980L, 
98818053L, 948625487L, 1121297480L, -108930586L, -1069947117L, 
136015989L, -857468334L, 1404720288L, 2027679113L, -1239704133L, 
68364812L, -1141857382L, -1647801585L, -978982567L, 1144871918L, 
649929340L, 565453549L, -84036201L, -1853690272L, -1112206274L, 
-2126007029L, -850966643L, 1229116602L, -888859912L, 1910392993L, 
-2061341613L, -1924964492L, -1236808446L, -1240394345L, -164515999L, 
55810982L, -1768458844L, -285627307L, -1575460609L, -1905011304L, 
-36528458L, -675717309L, -2135756155L, 1424520994L, -904027120L, 
106293177L, -487274389L, -2074066084L, 458896010L, -151589249L, 
-62316599L, -1138183074L, 2105433868L, 1660952285L, -430807065L, 
242789392L, 724025646L, 2146321883L, -485799235L, 507834410L, 
397215944L, 1922190833L, 1419836259L, 975526756L, -2127670638L, 
-76558489L, 204939569L, -1968158090L, 1342208916L, 1140748197L, 
-931725137L, -1285046936L, 645659974L, 140156147L, 1188856405L, 
-1816650190L, -1472939008L, 816468201L, -1770002597L, -479878740L, 
1884586426L, -1540120721L, 1035567353L, 1256641934L, 1325058140L, 
1387326157L, 1626328631L, -645434176L, -1486550114L, -1759774613L, 
1803556845L, -1811236262L, -1249174248L, -292328831L, 1037981747L, 
561446484L, 1039489634L, 1867394295L, 592844609L, 181818822L, 
1792870148L, -796798283L, 829476255L, 771342840L, -1950707754L, 
1127647843L, -872222171L, -415262270L, 727654064L, 1734403801L, 
-881631157L, 1465614012L, -1362285334L, 1574451487L, 488860073L, 
